72
41
35
17
6
70
57
74
29
8
29
67
19
79
8
54
49
53
75
64
98
37
68
18
48
90
52
89
68
39
64
68
63
96
84
39
1
64
55
33
7
88
79
47
91
1
4
4
92
60
82
64
30
73
75
64
8
47
92
12
1
9
88
49
25
66
31
89
8
25
55
86
56
41
57
64
59
52
35
20
59
28
85
94
1
20
14
82
74
45
31
79
3
47
64
45
81
74
65
69
0
51
45
5
33
28
51
36
87
58
32
56
80
28
54
49
72
43
56
52
62
25
7
79
42
83
21
91
42
34
60
15
91
48
59
17
59
42
13
78
54
90
95
43
40
61
83
4
3
8
62
46
83
90
76
92
12
35
39
55
74
21
45
2
76
82
9
69
26
11
54
87
81
59
38
15
85
28
7
9
33
77
15
58
56
47
81
37
29
19
30
66
56
6
34
76
5
50
50
30
33
18
87
58
45
91
7
51
83
37
47
76
8
51
42
14
12
12
60
98
57
84
46
49
69
81
99
10
85
47
52
52
15
47
49
40
39
55
22
21
80
91
54
22
92
61
71
50
40
82
96
62
55
36
32
59
39
9
96
36
60
21
73
95
13
27
75
28
32
82
19
16
91
2
66
39
18
39
80
50
3
36
7
3
60
84
84
46
3
84
91
13
87
65
61
87
71
55
21
45
95
39
99
2
85
15
8
5
58
39
54
14
80
32
53
15
41
89
22
95
32
55
91
51
1
71
32
35
18
70
87
70
44
33
12
64
74
34
96
5
74
87
55
12
92
56
63
0
60
57
56
91
93
41
57
35
14
98
72
61
76
43
90
43
83
24
66
79
49
70
63
48
56
80
61
27
89
11
24
74
53
7
24
0
98
39
96
13
36
25
6
9
64
48
46
14
24
6
28
93
6
76
10
6
65
60
29
36
70
69
29
53
98
18
29
82
3
87
20
44
33
82
15
98
90
8
48
42
53
28
38
2
77
7
8
95
9
68
92
48
20
99
23
14
56
40
2
45
21
57
89
2
19
12
21
32
33
82
48
76
41
86
24
57
39
78
51
79
97
51
48
30
53
32
29
89
43
61
49
1
67
12
96
23
57
4
81
23
80
69
21
41
75
62
70
88
7
38
54
67
