74
97
39
49
38
53
9
75
40
6
76
17
16
99
90
50
18
94
99
94
56
95
59
12
22
12
83
7
52
8
87
46
78
29
7
5
74
67
41
65
23
72
28
68
49
60
82
66
62
98
28
85
94
44
36
64
100
93
63
32
34
61
76
21
83
81
62
12
18
51
26
82
38
6
49
92
53
9
42
9
92
20
43
88
47
3
97
71
84
87
2
64
79
40
91
89
89
16
93
89
44
62
53
73
88
26
72
17
5
93
72
38
62
90
99
82
13
66
30
70
64
40
12
76
85
66
45
21
83
83
72
8
0
50
52
60
35
11
14
58
70
36
80
57
81
73
10
1
63
22
14
69
9
76
16
6
83
46
49
36
38
42
70
49
73
98
79
8
40
68
97
54
82
79
84
56
2
67
79
59
36
86
48
96
51
11
42
67
57
35
47
85
1
22
88
88
88
50
5
2
10
32
66
33
58
95
42
55
81
20
92
60
13
45
18
84
30
24
20
41
55
93
4
19
19
67
51
63
36
15
71
60
72
36
90
80
68
39
42
15
31
96
87
24
78
79
54
53
5
38
38
10
99
18
44
88
96
13
56
42
78
20
86
21
23
58
1
4
13
65
88
93
76
60
5
10
30
32
66
68
33
16
78
44
28
28
18
21
10
92
33
6
90
89
100
71
48
32
32
21
32
1
94
77
38
16
26
17
3
87
54
100
90
48
100
18
86
17
71
76
60
57
49
56
25
86
78
27
52
60
84
4
85
51
11
15
99
66
27
3
31
98
58
51
5
67
60
58
1
1
36
71
48
59
40
27
20
36
30
76
9
21
2
88
39
27
27
56
86
61
44
1
32
22
60
75
90
24
85
39
91
72
39
22
81
9
39
53
88
89
65
17
83
15
8
85
36
0
1
11
90
44
9
57
31
31
19
9
78
2
60
3
63
3
96
51
16
41
87
54
55
25
88
15
23
24
75
74
29
5
95
35
25
94
74
8
60
23
75
72
31
13
65
96
69
81
14
6
72
2
38
69
96
23
17
65
7
57
66
5
25
57
67
15
80
54
4
61
55
9
2
69
19
45
8
36
36
14
84
28
90
75
94
74
45
83
13
56
88
46
96
33
33
76
6
51
14
54
56
6